0  8 19 20 24 14 25 28
 8  0 11 21 29 28 37 36
19 11  0 11 23 38 51 53
20 21 11  0 12 33 49 55
24 29 23 12  0 29 46 55
14 28 38 33 29  0 10 22
25 37 51 49 46 10  0  9
28 36 53 55 55 22  9  0